0.219807
0.185289
0.185974
0.179142
0.203297
0.204112
0.177878
0.173048
0.178524
0.190462
0.179157
0.210413
0.197285
0.174474
0.1774
0.180632
0.187408
0.180372
0.21206
0.175359
0.169979
0.179813
0.179566
0.180727
0.195026
0.201581
0.189208
0.181505
0.178157
0.178751
0.180546
0.201614
0.17717
0.175344
0.190017
0.189161
0.190027
0.222766
0.185237
0.193258
0.182541
0.172483
0.173207
0.202105
0.176051
0.170041
0.177395
0.17394
0.178958
0.191939
0.184928
0.174601
0.177333
0.177709
0.182405
0.175896
0.20208
0.182611
0.179204
0.172661
0.18526
0.178821
0.174657
0.200455
0.187737
0.177577
0.171959
0.17745
0.178352
0.186449
0.199635
0.178296
0.178336
0.176043
0.175061
0.178063
0.204811
0.197355
0.187632
0.173218
0.175267
0.172279
0.182419
0.201934
0.170593
0.178888
0.189108
0.183268
0.179306
0.207674
0.182655
0.184642
0.180027
0.187791
0.185397
0.188536
0.200703
0.179565
0.179998
0.174211
0.179387
0.185043
0.202059
0.198811
0.184798
0.177691
0.174818
0.188006
0.176626
0.197352
0.181951
0.174989
0.178477
0.180171
0.177439
0.201174
0.201447
0.182826
0.188013
0.184256
0.181412
0.182585
0.201569
0.189435
0.185445
0.187052
0.173107
0.180727
0.189649
0.205991
0.183364
0.177908
0.176736
0.17645
0.184086
0.197502
0.188441
0.185789
0.174727
0.17795
0.178047
0.189118
0.204439
0.17588
0.186554
0.184884
0.197676
0.190322
0.202121
0.189829
0.18591
0.181664
0.173723
0.173514
0.184885
0.205989
0.178692
0.175344
0.182042
0.183185
0.175502
0.186121
0.197213
0.180294
0.182542
0.185683
0.178641
0.183276
0.209902
0.187502
0.186809
0.181906
0.18477
0.181559
0.185229
0.19528
0.185736
0.172549
0.171663
0.174871
0.186192
0.198996
0.19524
0.183672
0.174595
0.175372
0.178291
0.182859
0.203134
0.184255
0.181452
0.182667
0.17008
0.181733
0.183255
0.197699
0.185465
0.18901
0.176418
0.179027
0.175226
0.198107
0.192269
0.178749
0.17868
0.17468
0.186714
0.185664
0.205122
0.18243
0.183447
0.175262
0.171864
0.181472
0.187725
0.210423
0.178712
0.182342
0.180238
0.184279
0.180228
0.207275
0.195298
0.176468
0.192406
0.175047
0.190924
0.177623
0.201278
0.178826
0.179806
0.171029
0.175324
0.173784
0.184966
0.207218
0.178209
0.183477
0.183422
0.180734
0.174261
0.207983
0.191663
0.175968
0.178078
0.17304
0.182863
0.183752
0.203272
0.16859
